7
-0.9 -0.9
-0.9 0.9
0.0 0.0
0.45 0.0
0.775 0.0
0.9 -0.9
0.9 0.9
-----------
0.680375 -0.211234
0.566198 0.59688
0.823295 -0.604897
-0.329554 0.536459
-0.444451 0.10794
-0.0452059 0.257742
-0.270431 0.0268018
0.904459 0.83239
0.271423 0.434594
-0.716795 0.213938
-0.967399 -0.514226
-0.725537 0.608353
-0.686642 -0.198111
-0.740419 -0.782382
0.997849 -0.563486
----------
-0.793658 -0.747849
-0.00911188 0.52095
0.969503 0.870008
0.36889 -0.233623
0.499542 -0.262673
-0.411679 -0.535477
0.168977 -0.511175
-0.69522 0.464297
-0.74905 0.586941
-0.671796 0.490143
-0.85094 0.900208
-0.894941 0.0431267
-0.647579 -0.519875
0.595596 0.465309
0.313127 0.93481
--------
0.37225 -0.81252
-0.777449 -0.276798
0.153381 0.186423
0.333113 -0.422444
0.551535 -0.423241
-0.340716 -0.620498
0.968726 -0.992843
0.654782 -0.337042
-0.623598 -0.127006
0.917274 0.837861
0.529743 0.398151
-0.757714 0.371572
-0.232336 0.548547
0.886103 0.832546
0.723834 -0.592904
---------
-0.9 1.0
-0.8 -0.8
0.1 0.5
0.3 -0.76
0.9 0.3
0.2 0.2